e0=0;
laGPL=0.01;
Ks=pi.^2/12;
h=0.02;
% hp=0.2*h;
Ra=0.5;
Rb=0.2;
bbi=2;
tbi=1e3;
Ks=pi.^2/12;
EGPL=1.01E12;nuGpL=0.186;rhoGpL=1062.5;
em=2.85E9;num=0.34;rhom=1200;
LGPL=2.5e-6;
aaGpL=2.35e-5;
%KGPL=2000;RK=1e-8;
aam=8.2e-5;